5 0.887891 0.724306 0.186719 0.295833
5 0.694141 0.310417 0.102344 0.140278
5 0.829688 0.224306 0.109375 0.145833
5 0.720313 0.068056 0.071875 0.133333
5 0.749219 0.440278 0.092188 0.158333
5 0.865625 0.465278 0.103125 0.225000
5 0.615625 0.749306 0.137500 0.181944
5 0.561719 0.922917 0.071875 0.154167
5 0.429688 0.941667 0.103125 0.116667
5 0.957031 0.111806 0.084375 0.218056
2 0.273438 0.321528 0.118750 0.109722
2 0.387891 0.590278 0.113281 0.069444
2 0.263672 0.469444 0.094531 0.158333
2 0.500000 0.325694 0.090625 0.093056
2 0.597266 0.181944 0.089844 0.094444
2 0.243359 0.105556 0.116406 0.141667
2 0.168359 0.345833 0.110156 0.075000
2 0.126562 0.791667 0.137500 0.116667
2 0.414062 0.702083 0.109375 0.062500
2 0.378516 0.809028 0.107031 0.079167
2 0.345313 0.879167 0.065625 0.047222
2 0.244141 0.949306 0.124219 0.084722
2 0.245312 0.806944 0.043750 0.097222
2 0.239844 0.581944 0.107813 0.058333
2 0.798828 0.902083 0.077344 0.109722
2 0.607422 0.059028 0.063281 0.115278
2 0.368359 0.235417 0.089844 0.093056
2 0.058203 0.221528 0.114844 0.115278
2 0.053516 0.313194 0.097656 0.118056
