0 0.465251 0.595361 0.181467 0.139175
0 0.550193 0.770619 0.220077 0.139175
0 0.706564 0.525773 0.193050 0.103093
0 0.853282 0.592784 0.154440 0.113402
0 0.305019 0.659794 0.115830 0.123711
0 0.243243 0.500000 0.084942 0.123711
0 0.442085 0.159794 0.127413 0.103093
0 0.611969 0.185567 0.111969 0.082474
0 0.714286 0.337629 0.115830 0.097938
0 0.617761 0.337629 0.100386 0.097938
0 0.610039 0.422680 0.115830 0.092784
0 0.667954 0.244845 0.100386 0.067010
0 0.451737 0.425258 0.123552 0.118557
0 0.299228 0.301546 0.135135 0.159794
