3 0.331250 0.284864 0.317500 0.120748
3 0.315000 0.396259 0.322500 0.115646
3 0.608750 0.273810 0.265000 0.064626
3 0.700625 0.347789 0.276250 0.107143
3 0.614375 0.403912 0.263750 0.090136
3 0.388125 0.494048 0.283750 0.103741
3 0.206875 0.489796 0.296250 0.125850
3 0.135625 0.596088 0.268750 0.127551
3 0.233125 0.730442 0.328750 0.113946
3 0.209375 0.887755 0.316250 0.108844
3 0.526250 0.812925 0.335000 0.119048
3 0.812500 0.676871 0.242500 0.095238
3 0.486875 0.623299 0.273750 0.090136
3 0.781875 0.190476 0.276250 0.088435
3 0.680000 0.133503 0.180000 0.086735
3 0.456875 0.128401 0.316250 0.117347
3 0.429375 0.053571 0.246250 0.096939
3 0.171250 0.079932 0.317500 0.102041
3 0.086250 0.202381 0.170000 0.054422
3 0.815000 0.062925 0.262500 0.078231
3 0.622500 0.050170 0.165000 0.056122
3 0.740000 0.522959 0.300000 0.096939
3 0.840625 0.812075 0.283750 0.066327
3 0.743750 0.899660 0.310000 0.115646
3 0.571250 0.691327 0.242500 0.079932
