5 0.839063 0.599306 0.150000 0.245833
5 0.691797 0.849306 0.288281 0.256944
2 0.161328 0.113889 0.264844 0.169444
2 0.205859 0.375000 0.174219 0.147222
2 0.117969 0.663889 0.159375 0.172222
2 0.254688 0.651389 0.131250 0.138889
2 0.308594 0.477778 0.146875 0.161111
2 0.387109 0.950000 0.177344 0.100000
2 0.266016 0.839583 0.117969 0.093056
2 0.414844 0.840972 0.128125 0.154167
2 0.419531 0.690278 0.154688 0.116667
2 0.501563 0.584028 0.134375 0.106944
2 0.545703 0.670139 0.077344 0.106944
2 0.563281 0.484722 0.159375 0.105556
2 0.601562 0.297917 0.137500 0.143056
2 0.753906 0.217361 0.110937 0.106944
2 0.730859 0.500000 0.096094 0.086111
2 0.821484 0.725000 0.094531 0.127778
2 0.882422 0.191667 0.186719 0.186111
2 0.592578 0.038194 0.185156 0.073611
2 0.361328 0.115972 0.107031 0.181944
